1.590000000000003411e+00
-5.000000000000000000e-01
2.399999999999806732e-01
2.439999999999997726e+00
1.419999999999987494e+00
1.200000000000045475e-01
1.870000000000004547e+00
1.969999999999998863e+00
5.799999999999840838e-01
9.000000000000056843e-01
-2.099999999999994316e+00
-3.280000000000001137e+00
1.150000000000005684e+00
-3.199999999999931788e-01
-1.830000000000012506e+00
-2.689999999999997726e+00
-3.700000000000045475e-01
-1.229999999999989768e+00
-1.129999999999995453e+00
-1.129999999999995453e+00
1.290000000000006253e+00
-1.129999999999995453e+00
1.759999999999990905e+00
-3.989999999999994884e+00
1.419999999999987494e+00
-5.000000000001136868e-02
-1.830000000000012506e+00
2.599999999999994316e+00
1.270000000000010232e+00
4.600000000000008527e+00
-1.860000000000013642e+00
-1.390000000000014779e+00
3.120000000000004547e+00
2.580000000000012506e+00
3.530000000000001137e+00
1.419999999999987494e+00
-3.719999999999998863e+00
-3.989999999999994884e+00
2.960000000000007958e+00
-7.299999999999897682e-01
-3.579999999999984084e+00
9.099999999999965894e-01
-1.990000000000009095e+00
2.330000000000012506e+00
4.600000000000008527e+00
1.349999999999994316e+00
-5.300000000000011369e-01
-3.280000000000001137e+00
-2.099999999999994316e+00
1.399999999999863576e-01
1.370000000000004547e+00
-7.000000000000170530e-01
8.100000000000022737e-01
8.799999999999954525e-01
6.200000000000045475e-01
-4.210000000000007958e+00
-4.860000000000013642e+00
-1.530000000000001137e+00
-2.199999999999988631e-01
3.199999999999931788e-01
-3.890000000000014779e+00
-3.579999999999984084e+00
-9.799999999999897682e-01
-2.099999999999994316e+00
4.379999999999995453e+00
-2.280000000000001137e+00
4.900000000000090949e-01
-1.969999999999998863e+00
1.590000000000003411e+00
3.199999999999988631e+00
-3.060000000000002274e+00
1.579999999999984084e+00
-1.530000000000001137e+00
2.760000000000019327e+00
-9.179999999999978400e+00
1.500000000000056843e-01
-1.969999999999998863e+00
-1.229999999999989768e+00
8.700000000000045475e-01
-2.199999999999988631e-01
1.290000000000006253e+00
2.599999999999909051e-01
4.600000000000008527e+00
2.800000000000011369e-01
-2.280000000000001137e+00
5.300000000000011369e-01
-1.000000000001932676e-02
4.799999999999897682e-01
-4.799999999999897682e-01
-4.210000000000007958e+00
-1.250000000000000000e+00
-2.730000000000018190e+00
6.200000000000045475e-01
2.920000000000015916e+00
2.399999999999806732e-01
6.000000000000227374e-02
-2.580000000000012506e+00
2.960000000000007958e+00
-1.390000000000014779e+00
-1.310000000000002274e+00
-1.250000000000000000e+00
5.699999999999931788e-01
-5.000000000000000000e-01
2.099999999999994316e+00
-2.090000000000003411e+00
8.100000000000022737e-01
1.290000000000020464e+00
5.389999999999986358e+00
-2.010000000000019327e+00
1.419999999999987494e+00
3.199999999999988631e+00
4.379999999999995453e+00
2.099999999999994316e+00
-1.419999999999987494e+00
-1.349999999999994316e+00
-1.990000000000009095e+00
2.399999999999806732e-01
1.969999999999998863e+00
-4.210000000000007958e+00
2.960000000000007958e+00
-3.140000000000014779e+00
-8.499999999999943157e-01
1.870000000000004547e+00
1.710000000000007958e+00
3.930000000000006821e+00
2.130000000000023874e+00
8.799999999999954525e-01
-1.180000000000006821e+00
-2.930000000000006821e+00
-2.600000000000193268e-01
5.300000000000011369e-01
-5.000000000000000000e-01
1.389999999999986358e+00
2.539999999999992042e+00
1.189999999999997726e+00
6.200000000000045475e-01
1.180000000000006821e+00
-1.129999999999995453e+00
-5.000000000000000000e-01
4.379999999999995453e+00
-3.199999999999931788e-01
-1.250000000000000000e+00
2.859999999999985221e+00
-2.600000000000193268e-01
-1.620000000000004547e+00
-2.090000000000003411e+00
-2.340000000000003411e+00
-6.699999999999874944e-01
-3.050000000000011369e+00
-1.659999999999996589e+00
2.800000000000011369e-01
-1.449999999999988631e+00
-3.499999999999943157e-01
-1.250000000000000000e+00
5.389999999999986358e+00
-1.969999999999998863e+00
-1.229999999999989768e+00
1.689999999999997726e+00
1.389999999999986358e+00
-1.569999999999993179e+00
6.199999999999761258e-01
1.240000000000009095e+00
2.599999999999994316e+00
-3.799999999999954525e-01
1.140000000000014779e+00
1.180000000000006821e+00
8.899999999999863576e-01
-1.090000000000003411e+00
2.400000000000005684e+00
-4.900000000000090949e-01
-3.024999999999977263e+00
-7.300000000000181899e-01
-9.799999999999897682e-01
3.890000000000014779e+00
1.389999999999986358e+00
-1.969999999999998863e+00
-3.989999999999994884e+00
3.930000000000006821e+00
-6.150000000000005684e+00
-1.390000000000014779e+00
9.000000000000341061e-02
2.099999999999994316e+00
8.899999999999863576e-01
-1.090000000000003411e+00
-1.299999999999954525e-01
2.599999999999909051e-01
-3.579999999999984084e+00
1.530000000000001137e+00
-2.340000000000003411e+00
-1.569999999999993179e+00
-8.449999999999988631e-01
-5.300000000000011369e-01
-7.300000000000181899e-01
-1.189999999999997726e+00
6.199999999999761258e-01
2.859999999999985221e+00
-7.299999999999897682e-01
-3.280000000000001137e+00
1.879999999999995453e+00
1.270000000000010232e+00
-3.024999999999977263e+00
1.289999999999992042e+00
-1.569999999999993179e+00
2.800000000000011369e-01
3.199999999999988631e+00
2.800000000000011369e+00
-1.830000000000012506e+00
-1.659999999999996589e+00
2.199999999999988631e-01
-1.189999999999997726e+00
-2.340000000000003411e+00
2.789999999999992042e+00
-5.399999999999920419e-01
3.300000000000011369e+00
2.800000000000011369e-01
2.060000000000002274e+00
-2.580000000000012506e+00
-8.000000000001250555e-02
-4.799999999999897682e-01
1.784999999999996589e+00
-8.449999999999988631e-01
-9.799999999999897682e-01
-5.000000000000000000e-01
7.780000000000001137e+00
1.159999999999996589e+00
-2.230000000000018190e+00
-4.799999999999897682e-01
-2.199999999999988631e-01
-2.280000000000001137e+00
-5.399999999999920419e-01
9.799999999999897682e-01
-6.500000000000056843e-01
-1.340000000000003411e+00
5.200000000000102318e-01
1.500000000000000000e+00
1.189999999999997726e+00
1.759999999999990905e+00
5.200000000000102318e-01
2.099999999999994316e+00
1.370000000000004547e+00
-1.369999999999976126e+00
-5.349999999999994316e+00
1.189999999999997726e+00
1.290000000000006253e+00
1.319999999999993179e+00
-6.000000000000227374e-01
-3.280000000000001137e+00
3.039999999999992042e+00
-1.969999999999998863e+00
1.389999999999986358e+00
